wave	flux	snr	noise	thru
0.6024954888205943	250.28147978277397	14.690238311112367	21.04926090041827	0.0015630395960536758
0.6069110001174575	291.7769080578435	14.81829013449605	20.10336799951733	0.0016555647904790876
0.6114138195510883	308.33192163413526	14.563055603879311	19.428368638347575	0.0017160396109414868
0.6160082542888619	263.45367205073075	14.479565508176941	18.942831341023187	0.001767998199305795
0.6207060229416635	318.7841004530306	15.204054701718597	18.78900049318899	0.0018243690539076793
0.6255136961328447	323.9852451330808	15.935213846194076	18.599420793043695	0.0018866321527128056
0.6304230619844057	290.89275651181623	16.367975138159515	18.29647166738152	0.001949740477419658
0.635438327589194	288.3651961694165	16.614357004307326	17.89843790487788	0.002019076733165686
0.6405637793507409	273.6402230680383	16.68668641345339	17.45924943259907	0.0020888765773016574
0.6458036706502773	270.3191386278388	16.592559490845655	16.934143139586094	0.0021679024358675844
0.6511621496987382	252.9693429125957	16.595589857848406	16.4661413684669	0.0022488795364865805
0.6566433617365964	284.17111035051437	17.134921576549722	16.179425767995582	0.002334291358645471
0.6622514729790379	259.76742278277356	17.783004333977264	15.91033830787039	0.002426533143890543
0.6679905160063571	292.832820772199	18.18899026062375	15.5822451306719	0.0025195881040487437
0.6738645135535137	291.1414423545007	18.50527993756164	15.216431569422099	0.0026202933953187253
0.6798774834927327	258.6651230261494	19.03136588052219	14.8913482118975	0.002731022751637218
0.6860332854009485	320.53162191421785	20.170769307586706	14.757041714735212	0.0028389073418124354
0.6923358270925476	357.2599238963631	23.188874628917127	15.072678671651037	0.0029554552734129577
0.6988053151311685	512.1559786189915	30.447942372323485	16.416497278470246	0.003083721103601237
0.7054351170328494	828.3260613937483	43.568830478818725	19.34881717995683	0.0032045623977522155
0.7122254455746909	1439.774502742865	60.83128477543615	23.4286194103646	0.0033363593423674665
0.7191798349391124	2143.3510261276874	77.35866469426217	27.3090327867964	0.0034650400653610694
0.7263172675803488	2568.0053644160143	87.72896576257531	29.30497423126538	0.003594063936258242
0.7336442399236287	2561.129099108049	88.26283240580372	28.373523009473598	0.0037288349948687684
0.7411476866192758	1956.5580415564493	78.77974969288978	24.82191528336548	0.003868485268974371
0.74885536987851	1262.4512527043576	62.180579007109	19.93720850049655	0.004010030141250638
0.7567638769608438	701.4703941189525	44.734373908245445	15.578751235687925	0.004145736458732954
0.7648753543529766	431.25623886371187	32.83186300327378	12.905146373661903	0.0042854856254724285
0.7732105969224792	307.2663618612201	27.823759769457297	11.749057017357458	0.004416166258647963
0.7817620224044457	309.4118378181045	26.903597931808633	11.344300252170086	0.004541459955578884
0.7905437278998475	295.31375356330346	27.169748925046928	11.171412153242612	0.004648656544326284
0.7995682990835928	295.6091417429513	27.6416699209129	11.032138281292045	0.0047569316675587425
0.8088270674333922	325.0310106271247	28.067718065714494	10.902755920192467	0.004851745330842319
0.8183418088138193	304.175797530121	28.441139435340546	10.775917355670897	0.004941039304930464
0.8281213710495698	295.9628002376063	28.780003573118947	10.655073557151846	0.005025175112214543
0.8381632252130756	302.78329674651405	29.058710231050476	10.550095558388438	0.00509481441912453
0.8484769844805841	292.56300538281556	29.301175002941136	10.448408308854683	0.005159950360740208
0.8590716213638419	320.16927764454994	29.50657261995448	10.347916862778508	0.005221735833410592
0.8699550721065319	297.03695748670003	29.67087622134954	10.25142203857111	0.005277729004402777
0.8811345691434173	308.1475209251978	29.79020447535056	10.163342934811869	0.005324619679184169
0.8926164059756965	314.86396344666	29.90588484679316	10.071781985874003	0.005374371338745746
0.904406016120264	294.53304809385315	29.975390851334588	9.992558716367972	0.005425249577425365
0.9165078232919142	302.9280970871622	30.001846346072842	9.921051907513153	0.005489967479601389
0.9289255380224837	285.3665855019551	30.02286561629461	9.842677722489881	0.005561472271771353
0.9416800844295095	317.0802603691274	30.019748168166767	9.766678077800103	0.005630687645150572
0.954757922890753	300.10471916921836	30.007215874339714	9.698443551368621	0.005694350350980642
0.9681655972814562	287.8894053167123	30.110499578603168	9.622649695653976	0.005777275251636021
0.9819158207688717	282.24460651882544	30.413896099036705	9.522081328033817	0.00590333267000877
0.9959981927370158	287.46587860667364	30.734188986672585	9.388114696792236	0.0060642950164321256
1.0104222177520512	281.1464886547997	30.841781003365487	9.217374506314783	0.006214949500415345
1.0251871827790946	296.2477868364496	30.856342081253175	9.029388237845424	0.006366684653483546
1.0402862726990512	263.4599846122608	31.016383125457107	8.843654972363524	0.006538930643586355
1.0557198281924247	272.2646053622248	31.253382708089518	8.67411138607517	0.006709653454514771
1.0714898376307211	268.1280970902929	31.52769082492408	8.509476508359766	0.006887254572567472
1.0875877163842513	265.0511980140191	31.849181703484422	8.352864851024197	0.00706830586258366
1.104006533920936	265.259662894103	32.35752693426792	8.225383760149102	0.007236920692553615
1.1207395248796759	270.04216046864804	33.275270252087495	8.143808204454924	0.007387269071635235
1.1377781502879116	283.37937851164287	34.229895765539375	8.072805362376878	0.007529460759012184
1.1551158212859407	276.63748516489085	34.256280826213356	7.9344724040134	0.007667039444938397
1.1727403237610945	263.0363926131674	33.540595215317566	7.745589297145942	0.00780453207662863
1.190638059814936	227.7575140217895	32.97763668335646	7.606204801258558	0.007895390523755319
1.208795814444236	249.25592081726634	32.89305957669229	7.509324670654905	0.007979658390550141
1.2272038274968164	233.5364189567019	33.007708939178904	7.448835821449623	0.008031467944208063
1.2458459059263047	250.05601867543865	33.148290820303785	7.399286791553059	0.008069677843559381
1.2647046149609256	254.62342947824732	33.167792928076096	7.350074931686749	0.008094657294356664
1.2837703169412418	234.8788658085875	33.06857551097736	7.307460879550784	0.008096590569878439
1.3030203614670928	237.50466500989748	32.90050799531337	7.276774704587941	0.00807517546545147
1.3224455259176782	232.9225589211012	32.663450474480655	7.2642798930094	0.00802251030767126
1.3420237208724042	244.3748497275126	32.42143551876381	7.260772299128898	0.007956098189475345
1.3617432290662455	234.7219963739851	32.19502316930115	7.269173900570266	0.007873270263537008
1.3815854704877728	245.69907257472428	31.974677384381746	7.2901232310897885	0.007772648839079968
1.4015354314822852	234.7232656808135	31.679738308369313	7.313733947716852	0.007661330081803193
1.4215790403804203	231.30407141053638	31.345340569297953	7.322578310134631	0.007569053317509183
1.4416998638203056	228.07423681962058	30.955892896721814	7.35151830921997	0.007443200440076163
1.4618841077787084	232.29633343563702	30.560557119619382	7.403029751799108	0.007286452949252165
1.48211848098785	212.20776427015247	30.192540753403804	7.45769984024333	0.007132224239821249
1.502388965910429	224.70929108484324	29.855433206396977	7.505125530631092	0.006990303415667359
1.522683417390884	222.49232919994716	29.58148578916592	7.539189349445991	0.006857600822695688
1.5429900557396328	227.59249062964778	29.31320719890178	7.576661143961892	0.006722387189493818
1.5632975284691646	219.90570222053285	29.0290061324121	7.624679459910999	0.006575773395229542
1.5835958392856337	212.97079563719348	28.77692335072022	7.6778911657807045	0.006430806736726646
1.6038747981452106	220.49690461363707	28.543271172315077	7.72301583459181	0.006301014916247441
1.624125605649303	211.07413424362716	28.299258442635647	7.755397308800739	0.006187465557116522
1.6443401332022933	204.00169806803905	28.134010262378297	7.7837254065124	0.006088022949349799
1.6645096901720602	225.07963309829893	28.07877971265985	7.813663727013737	0.005998626387456437
1.6846280471972848	224.02319205613244	27.97789429747215	7.844785455237101	0.005906061313009681
1.70468907000548	222.27931025465162	27.7729685090065	7.871063820690287	0.005808877192656384
1.724685462473476	228.07049656825615	27.604507988414703	7.889682548484824	0.005717284394227949
1.7446131940256195	212.33849168303914	27.468231605333916	7.922132205878747	0.00561624367696885
1.7644671558989597	206.4102433893695	27.38118849298103	7.954129171414144	0.005522240695091787
1.7842419061924712	217.50448510319055	27.295353095728697	7.989050581890887	0.0054278496491748625
1.803935659492312	215.4956895359446	27.152870879999075	8.039272909525572	0.005319148767920034
1.8235424368753346	211.7275000163088	26.965836285952953	8.104854679081175	0.005202508559471335
1.8430615360990812	218.25298246185812	26.795414561495445	8.16950639556517	0.005092096174801395
1.862488638859403	214.17056439512274	26.63881761009457	8.228716951239472	0.004990812162636409
1.8818222487451635	204.23413969347547	26.486333551492017	8.2852503006008	0.004894965320584022
1.9010600597705933	216.11054340581	26.376210054181502	8.332765197475755	0.004812618219357655
1.9202005976983825	210.72444463150973	26.238042812701234	8.394838446724119	0.004719710019269902
1.9392416443150753	222.7926196455654	26.13650695463008	8.449306347897574	0.004638125336411289
1.9581833135000246	215.90016590396385	26.04333150897863	8.50425974942322	0.004558935248965439
1.9770226975996716	231.7324172881945	25.954938463533512	8.561573107408817	0.004480435819079459
1.995761500765532	236.80873584223818	25.909988088094973	8.60689071422154	0.004415680701052481
2.0143957914273765	229.60934093909665	25.85523258714644	8.65320073183859	0.004352682164363465
2.032928379962473	210.5990957869641	25.80565855177241	8.682840150951149	0.004303609361222802
2.051358218685731	236.53641876328277	25.66025412287029	8.707251958026857	0.004252722903497433
2.0696832675906767	235.70920603212002	25.384585261073074	8.742823933633748	0.004202671063559866
2.087905942681301	221.23083895279086	25.15424762693047	8.78840439274337	0.004150076676815375
2.106026115143801	233.02879183274717	25.01836552002066	8.846521068916546	0.004096777313668925
2.1240418389552427	217.10914990254258	24.891344237507447	8.919971303445227	0.004035939384969734
2.1419552292740134	205.6149776650417	24.72952113255507	8.993242476724282	0.003974494293381111
2.159767139031436	212.597595423509	24.328590051326657	9.02048704379084	0.003927154695397208
2.1774776251839576	220.04061735030092	22.913973421116637	8.929033325126655	0.003887332895607049
2.19508556156567	165.30681410157774	20.442273529875735	8.722765306293745	0.003849888585683646
2.2125931264332297	159.68691929613922	18.61233461995837	8.579849324963043	0.0038145514679387275
2.2300012929932276	158.5067617794221	18.375908583417484	8.609794131740447	0.0037737508335468017
2.2473102941785776	160.4709062864327	18.92158389756305	8.717166005803834	0.0037356894726792503
2.2645208970082105	172.02510825338192	19.83723511998977	8.870147951532072	0.003695340654002369
2.2816341921219743	194.22067904722033	21.294601639167528	9.089813052327555	0.003653514339583779
2.298650096643734	211.28589354264923	23.16478748370615	9.347847527328865	0.0036203492806490124
2.315569618251327	222.85444233021383	24.7305141766002	9.5610985727752	0.003596968950116448
2.3323939660540756	245.62195253360727	25.273018039486804	9.636749484677033	0.0035849969956539725
2.3491243923001606	247.56696233343544	24.70691555697918	9.602957833996975	0.0035633412650662058
2.3657615906609704	232.50586802059905	23.551229376955	9.520812175394227	0.0035317282345074925
2.3823062444740035	201.19635597146987	22.163076329776075	9.422242508472086	0.003494833501951825
2.3987595082587663	181.91530996897458	20.784922142911004	9.312898412864449	0.003463709069682093
2.4151221488343175	183.85045978896656	20.093578675083027	9.280974953283234	0.003434061143773049
2.4313954266178426	209.39482057278326	20.688771293067116	9.408228144996835	0.003400841003915355
2.4475801092301963	216.87553230903103	21.926111414748124	9.608290075215152	0.003371596373728428
2.463676971072206	222.40008235829097	22.236355509969417	9.69472442178962	0.0033446205460754335
2.47968692719503	207.04652135809	20.752731762450676	9.566624588762705	0.0033153940494471557
2.4956105748724764	173.17451895720038	18.172088250951134	9.314035993641111	0.003282560502149139
2.5114494369599494	145.37207764686303	15.861325426008246	9.09602541762465	0.003250390287799749
2.527204771158299	139.578159217119	14.806422400912123	9.023246611415905	0.003220494057008296
2.542877441856084	137.21813462908597	15.524058570313967	9.161378006932136	0.0031903379534512907
2.558468269541018	161.02327729612367	18.26825070192056	9.554129923350683	0.0031597891174286984
2.5739782471830406	237.22872569573647	22.603919210786447	10.169742293278134	0.003131060439159425
2.589407280290567	301.33870399913434	26.646593541682723	10.806739347718473	0.0030932457450984032
2.6047567598090517	302.8992076970677	28.29857293221947	11.144054733404483	0.0030529351760235223
2.6200282638986985	302.1633711112639	26.66629920417421	10.992467448381325	0.003021660000333881
2.6352229943268437	257.0054778457612	22.762373147710708	10.51442203500238	0.0029932135785619395
2.6503413808814007	186.2067000664237	18.5965114978514	10.014200459188695	0.0029642678638311026
2.66538253346005	145.13939359703915	15.769889751510732	9.707095037259093	0.0029341155292830507
2.6803496650198917	139.4711893410757	14.422606929288946	9.58853150421232	0.0029076351006023177
2.695243719244958	125.73197865420795	13.714053327452303	9.55154736532072	0.0028818132449558334
2.710063686093753	119.20605397347177	13.113373169883603	9.539046078360679	0.0028519311677305185
2.724811209338052	124.01310016680695	12.54874196179313	9.552750484724637	0.0028136630229167042
2.7394885399142876	100.87458417564481	12.120719113469745	9.591583489532573	0.002773058704645897
2.754094632753382	100.35219326040723	11.84458757354142	9.648638286026621	0.00273388436289747
2.768630360296619	113.56739372036493	11.675303386370318	9.711101653463498	0.002698797890984238
2.7830984325408172	112.71913781412971	11.56522455078431	9.765222037325593	0.0026703969702860523
2.797497053103017	116.07428277174586	11.481111062431156	9.816284562354676	0.0026440056993626048
2.8118287945746734	131.41857109975575	11.461428659169224	9.853938673837519	0.002614879972163622
2.8260946281340553	116.49151717958006	11.636413055069939	9.921832941747024	0.0025817799272911165
2.840292923649972	132.10930856296267	12.491882592120637	10.09234194678254	0.0025482980653586404
2.8544279691541887	147.63489628456352	15.00630846500805	10.522219244066696	0.002514632535267636
2.868497040287455	239.53288559033015	20.207597029353746	11.41963192345933	0.0024799814965005633
2.8825035654031486	350.31609560142397	27.81922722431106	12.835459495338704	0.002444182296008936
2.896446389084157	509.83688090644716	35.39280946118823	14.3760875869346	0.002411803414637819
2.910327357438576	620.5375960281908	40.205799992538815	15.475929587295958	0.0023845961947657297
2.924146689012361	660.4575570130075	40.89963808115868	15.750451034023824	0.0023606877105800668
2.9379052357937416	560.9388086107946	38.05024499817271	15.267683998250403	0.0023396393820337043
2.95160350493295	465.13953259687054	34.19830233263083	14.57429435197364	0.002320266856461463
2.965242475444429	461.24746516904514	32.42389006051291	14.319804899535274	0.002299577851024283
2.9788223048867866	492.4634262254064	33.249954717379104	14.605146464790531	0.002277565368052067
2.992344325678075	518.6922839443448	34.48883969753605	14.973316323277889	0.0022574585902806104
3.005807793691948	523.8674375936324	33.804713881508874	14.95186979104482	0.0022353632296848052
3.019216065360288	441.70234262513736	30.356560201221463	14.343810659468536	0.002214215828103799
3.0325658343058235	323.0557411226038	24.835568098319424	13.30996502229833	0.0021966164949131584
3.0458614553106824	202.8007242962937	18.90310010462669	12.233359849026154	0.002180851981792088
3.059100674139672	160.54332491333147	14.271330900302997	11.439583253586825	0.0021669981685454587
3.0722859015842294	139.48096582063027	11.6272072199265	11.021662092128228	0.002154039906127952
3.0854178490718764	109.90186955320152	10.496000857674963	10.87711598988361	0.0021399201170852343
3.0984947055772456	109.97939449349414	10.088726159957194	10.870701772857894	0.0021226161554394954
3.111520205292857	113.02538779111413	9.935002900767438	10.913617656960671	0.0021053681813208514
3.1244928282201463	96.9207656217855	9.85850438996848	10.959905230080478	0.0020910673180392562
3.1374130944890766	114.70659035006199	9.799481802790574	11.005439623136084	0.002077808276496393
3.1502832438171673	125.7719100900074	9.745352389406543	11.049610840983785	0.00206520235787821
3.163101985773601	105.61403168198252	9.696033649119379	11.090159461369064	0.002053769070937911
3.1758704835503755	94.82360099814828	9.648608581801966	11.130126121499663	0.002042647918021792
3.188590132675141	106.52477924349857	9.602296754378374	11.171159639447792	0.0020314144359922406
3.2012600061213927	82.23847604880612	9.562584102979413	11.20690034502942	0.0020226882545300784
3.2138806635609387	110.85980188117138	9.50618835953469	11.26270140738816	0.002012538495158897
3.226454101322288	112.08016816099178	9.435391911701327	11.335351020261912	0.001998495590002941
3.2389804170599117	125.96799720027379	9.362747871374358	11.411814928237197	0.0019836980241894103
3.251457657503403	104.53510496622634	9.289057996242002	11.493609513783587	0.0019678654983169004
3.2638887465820927	111.45141124108783	9.22096218000802	11.574019281061288	0.001952751702345089
3.276274225883945	96.70088915034404	9.163665337196912	11.647373567282298	0.0019397414629338378
3.2886142437004127	102.60958220939936	9.11581946450229	11.714235209472236	0.00192859966301981
3.3009073422396082	88.87801632056119	9.073491804460737	11.774563986925509	0.0019171436294686901
3.31315592083175	104.53275268465966	9.05135468302943	11.8028549393448	0.0019042467031425473
3.325360438009411	103.12961067277676	9.02284850173731	11.830128497653327	0.0018903559873267204
3.3375213160109096	110.12014149838657	8.985583098688334	11.860281829114017	0.0018756939895337326
3.3496377796074595	98.94495449871994	8.944227428559989	11.891521192441294	0.001860819928577171
3.361710695541752	107.15476298304367	8.903633546198348	11.923335328710484	0.0018460274062339253
3.37374099250827	102.01848799553926	8.865355332331042	11.957194516709675	0.0018310954851056484
3.3857293406967894	101.91733988855893	8.828378706517709	11.994678995856459	0.0018157032669759206
3.397675745931313	106.79058615177458	8.785892297737291	12.044610794992673	0.001798581840628858
3.409580695210876	106.28036706281516	8.718029716212607	12.134466869855808	0.0017824971565533808
3.421443390522118	115.11349902181236	8.649329007028898	12.232449047424407	0.0017681636496162515
3.433265326335338	104.48443082316716	8.594499666192418	12.330209886703628	0.0017545437996248916
3.4450468948571373	102.3246293763327	8.583260390464039	12.428029679511145	0.0017426476518493334
3.4567885232066344	106.54852266722979	8.678627648137871	12.538335728611884	0.0017325594512801069
3.4684903780444096	105.07202148866321	8.989600753112153	12.697622484274467	0.001722000884378399
3.4801529833544786	119.98181699229454	9.630026936896138	12.942860587727212	0.001709184475341068
3.4917766623198987	167.79798928571242	10.615897533428292	13.26775069353624	0.0016964444482462124
3.503361025889228	147.72819821570096	11.75659448030567	13.623141495701027	0.0016848044340205875
3.514906891066118	172.69745344995502	12.679715408873772	13.92602457625436	0.0016734033663761384
3.526415010814973	177.66559566724212	12.995607474903498	14.091364328142745	0.0016623969710152524
3.5378853751005863	173.1080671080213	12.54198139236655	14.079767821044033	0.001651403400824595
3.5493184210160846	155.65403603877962	11.500870381888909	13.935467968578726	0.0016400464134471216
3.5607145919944303	144.7689549689599	10.252769792121416	13.745615170801585	0.0016286552064172124
3.57207395043186	101.38273546925777	9.167287592441667	13.595441344211812	0.001617148509428563
3.5833968633749675	128.11934462341048	8.435714810000908	13.524847739347424	0.0016058323048202278
3.594683839325148	117.13619016870982	8.029526429826852	13.522825337991007	0.0015952340114717984
3.6059349450840004	89.31963971348728	7.829462853679595	13.560829279423324	0.0015855934226885614
3.6171504863250927	74.37814589522051	7.729323686019153	13.621756285069551	0.0015759424468268762
3.628330930049432	91.63633670798447	7.668018900079352	13.695571057123118	0.0015657790570332837
3.6394765019877076	101.61041504616632	7.6189011965119064	13.775377098949981	0.001555263311520238
3.6505874563529916	140.70377400691623	7.5712326429817915	13.860358947005398	0.0015441858840549885
3.6616641396996634	112.49474230064756	7.523176337191402	13.946032662347184	0.0015331341557881185
3.672706880877095	79.51809418441348	7.475494255825881	14.02953996282776	0.0015225230093106538
3.6837155961085393	95.10450351953477	7.429646734026905	14.11047882503964	0.0015124363837582052
3.6946911413219263	104.0593929482289	7.389371791623513	14.18445100600692	0.0015035669638959
3.7056333582418772	108.4571561422593	7.348228682231364	14.267088696590081	0.0014946023298926647
3.7165424382736356	86.07113511587188	7.307593802251414	14.362316387247413	0.0014850230457048173
3.7274189538404308	103.28301427355524	7.276262576161109	14.462830884725893	0.001475154194604908
3.738263296810145	95.30645137114028	7.2593975424657815	14.56893475313986	0.0014651364721210275
3.7490751772033173	90.3665065096733	7.256751418309934	14.686593764829068	0.0014542488099007942
3.7598555489324887	111.46083215899284	7.266027284716177	14.810844653631026	0.0014430680781894257
3.7706041033988855	120.19006331275584	7.275729612702923	14.931171982166397	0.001432548560396456
3.781321316663663	121.94912294561452	7.265110267596771	15.044022095476146	0.0014224688206084732
3.7920076860488168	118.07041938899937	7.219943647008487	15.148244867376583	0.0014125175934629958
3.8026628097062605	101.26390583567552	7.138141315763339	15.248815822982056	0.0014020338321449424
3.8132875810777316	118.9344404563881	7.032615416817592	15.351994919356644	0.0013906747922322286
3.8238818022846615	112.03459374600259	6.940927545958622	15.453085813493027	0.0013800826352151118
3.834445843192443	109.94475123445214	6.926760970937886	15.571360742632175	0.0013698961399786467
3.844980324561632	103.18284830584409	7.155344234099512	15.768390846870195	0.0013580552543382028
3.8554850472017606	123.00994915721463	8.105242200307941	16.167722212300767	0.0013451921013316645
3.8659603262000255	186.31262533570586	10.844625970247359	17.063919503815953	0.0013328897407189919
3.8764060327752268	361.270913496449	16.660983157713222	18.913858246307264	0.0013211860810072127
3.8868223760375553	584.4450240021654	26.10794040483385	22.130371338969955	0.0013096421860542967
3.8972102412219916	1000.8544930833691	38.140119937492976	26.66887797779092	0.001298174145919028
3.9075692533351796	1598.136090991765	50.860568192457976	31.94471857666802	0.001287853801093724
3.9179000513192395	2286.7177540794128	62.22094939206422	37.04435489209537	0.0012784084576247512
3.9282029888604195	2946.1038566188927	69.98512807585583	40.826011578108755	0.0012684594757120333
3.9384781325050673	3049.9314806786815	72.50689455350208	42.29692677755959	0.0012590440666573
3.9487255510150763	2907.8803670515167	69.61697968212096	41.23258100791616	0.001251044852777214
3.958944737576879	2344.446467670871	62.03982523647685	38.01975843357483	0.0012436824419891877
3.9691364701588947	1706.5919048210153	50.91399781914652	33.348037585904635	0.0012358759332324822
3.9793013377052904	1106.5484750066005	38.2611690862945	28.33459405353349	0.001225774221223286
3.989439215462953	626.9716345955352	26.602075556933897	24.086341710054988	0.0012146295096936578
3.9995504523074135	359.27993003398547	17.650966412406294	21.12186935985774	0.0012047472060790858
4.009635409840123	269.15726352789574	12.151641829027518	19.489304438161568	0.0011963236031451519
4.019693854875027	193.15263906645222	9.306540053702907	18.768841101479786	0.0011872029613641537
4.029725233554681	161.72050004897318	7.940730016709902	18.52170978232133	0.0011774265485295751
4.03973070981399	148.21896930636052	7.2426240681092535	18.458382126626628	0.001169231783533863
4.049710835537217	132.95778422731044	6.752502936435497	18.435432395063376	0.0011628164530332586
4.059665324591202	154.63364355156628	6.366286182872668	18.443761940746736	0.0011564100156099683
4.069594924653246	113.01794167748916	6.070442553110047	18.484045871411755	0.0011496470747281444
4.079498091593859	119.39573126116211	5.860834034504195	18.54519159258635	0.0011433267847273942
4.089376051276473	79.54189522730479	5.721287923684778	18.62644271726637	0.0011371262202374572
4.099229786847089	90.02719902281332	5.632087380087117	18.727860687470887	0.0011305872277919229
4.109058660497233	82.335014139877	5.570318014844655	18.843124545182175	0.0011236802435036573
4.1188633067698746	128.92565416481585	5.523184423344838	18.96733119560758	0.0011164992411435844
4.128642405491594	55.98998427681358	5.486123412577172	19.085868476831223	0.001110058416904487
4.138397501862848	96.99548370950595	5.45239689332559	19.20669608174543	0.0011035840750932677
4.14812889108376	46.92033700580373	5.42085314821369	19.33148086660425	0.001096932421585099
4.157836314939684	88.80666116289616	5.395059850006046	19.459048797313457	0.0010902780602153282
4.167519625103923	95.85441412697915	5.384442897449927	19.588133785611014	0.0010839256600214888
4.1771790035430385	133.91274650512855	5.410256956907705	19.70717041767875	0.0010791775903253003
4.186815506547641	116.73586929771186	5.488585306273196	19.835452757311295	0.001075004324849472
4.196429110698112	95.91061241910025	5.630148865928389	19.99384315453806	0.001070196078165278
4.2060184164383925	139.4478224629905	5.845796912375483	20.175441524292868	0.0010655238753571933
4.215584951681211	124.90380622202865	6.1164289206568245	20.36167073017225	0.0010618583113468512
4.225128755124692	131.6561151367619	6.368890191294021	20.550534267100996	0.0010577008980188988
4.234650739007196	110.60997886432682	6.538719987025902	20.728818205900627	0.001052523417161609
4.244148614470616	116.88371534248354	6.587819608134906	20.880273012489738	0.0010465562767525735
4.253624496584166	119.10888333961049	6.497755552779501	20.997013751023243	0.0010406930450016822
4.263078794512334	133.93172535579683	6.304488790882679	21.088455113858274	0.0010355133391488378
4.272510211304774	130.04482727392954	6.062199225068446	21.17964625726064	0.0010293298985969593
4.281919085500088	156.4752705833595	5.807452571018651	21.284677654995487	0.0010220394274505803
4.291306909848093	127.33531189370149	5.5639278368562834	21.404551297437823	0.0010141070368444658
4.300673397038682	56.83452069553457	5.347366774611502	21.52984977008554	0.0010064632827785356
4.3100173409748574	117.52730264729911	5.166247978131829	21.64849598781183	0.0010000174990362327
4.319339734903419	77.7538774048458	5.02202399800573	21.767556287990676	0.0009943467514846038
4.328641924451229	86.39759207132941	4.912312912571303	21.89308284353643	0.0009890313673502074
4.337921953581586	88.64567367743723	4.833559168937772	22.043542245832807	0.0009829058274721965
4.347180696976719	91.46929572309429	4.779856886188413	22.220061522965885	0.0009758225434068945
4.35641953527723	75.52868634372166	4.7460343070282285	22.406189546222524	0.0009686720500847612
4.3656366682730114	111.36295343621381	4.7259724458156285	22.591334311396782	0.0009619439146001216
4.374833119925476	75.20966387353127	4.712050377169872	22.78219078838425	0.0009551017077230938
4.384009308980081	116.08025000002733	4.695153486302522	22.977901998188408	0.0009480233019167525
4.393165179011167	159.99681341083956	4.667102120343007	23.174263776778204	0.0009407878075993251
4.402299902469297	77.05138300836458	4.625838693960815	23.373838621557056	0.0009332238929747305
4.411415439780623	101.08867966146762	4.571945060898771	23.57789340276427	0.0009252870958002151
4.420510487414818	47.274345668782686	4.511757049193245	23.776267725365624	0.0009176379489338576
4.429585097721316	99.51750931787423	4.453721157802131	23.964035844140557	0.0009106738517683266
4.438640847707974	121.78799779820307	4.40114767088393	24.145769575426623	0.0009042013954784782
4.447675963596199	123.46249407136114	4.353852046068078	24.330023902219132	0.0008977776773685824
4.456691834913858	107.61515875842898	4.311061118277213	24.522502372054802	0.000891112319515517
4.465688731178857	127.58761026483548	4.271919111174152	24.720615745819185	0.0008843271524313231
4.4746652945689975	168.97342874265843	4.236930437122863	24.91136710661011	0.0008780549100191218
4.483622913887917	148.4801271976175	4.207188730879344	25.083248971638184	0.0008728382424172461
4.492562159077411	92.35073954059035	4.1798224696060755	25.251059702238845	0.0008679060765171695
4.501480908112369	68.65494526280891	4.149102894419448	25.44661714296449	0.0008619521617027796
4.510381953673956	95.18283072602009	4.112165044225101	25.68334612043578	0.0008549415946792866
4.519263383849764	81.08554664476414	4.0745022142757685	25.92647239317618	0.0008477995476589682
4.5281260476973575	117.46440861734358	4.037715839047489	26.166796610582832	0.0008408979575694278
4.536971309778443	74.50560350298524	4.003709520386692	26.39687569730546	0.0008345817662002615
4.545796048111036	103.78301726794747	3.9703416252671535	26.627968237577665	0.000828309781797987
4.554603793531244	128.27087761078272	3.9367444568355277	26.86436964409518	0.0008218923301478277
4.5633925964937	103.06463199696567	3.904344341448528	27.096255830931437	0.0008157661373991613
4.572163267309926	79.99055991376235	3.8744720256735428	27.317704294063653	0.0008101816727109615
4.58091654863871	138.2598775779874	3.8477998886562172	27.527474549669137	0.000805180131465311
4.589650618390429	53.95182929666676	3.824596391579918	27.72995526154931	0.0008005739471546552
4.598367689312869	97.13599922563698	3.80480014866724	27.93668592176259	0.000795900389373142
4.607066681687261	105.48165352901634	3.78908749265431	28.147750528572725	0.0007911719158878419
4.61574789957696	107.579759249057	3.7781630060644003	28.35469879408675	0.0007867266882079028
4.624412279277496	112.86479983014205	3.771254269243709	28.56071121369529	0.0007824254244262691
4.633057709743862	125.84032173635744	3.7628248637997395	28.774915501456015	0.0007778358807162233
4.641687442923595	107.69677084884869	3.7499100001839936	28.993591759924737	0.0007730592771548379
4.6502981353456	98.21965652098338	3.7307325230425294	29.208793205829267	0.0007683618391940085
4.6588927571827226	96.92594499589393	3.7029723466208893	29.412649436563225	0.000763984039660405
4.6674694348270505	90.49625681284269	3.6689600720259166	29.59866111090582	0.000760181083823227
4.676029330655727	131.56413550424762	3.631617503579347	29.77129383330961	0.0007568246503872988
4.684572741753544	88.21269057299713	3.5922113172566132	29.946431924584	0.0007533673525957793
4.693098614655464	132.63352856524344	3.5562951985961977	30.122991410820884	0.0007499365822243861
4.7016086890949635	107.35580513959331	3.5249706248568624	30.292529003283935	0.0007468390607807758
4.710100644232891	90.65010343016644	3.4971431542074733	30.46152706328803	0.0007438300150150353
4.718577614410939	125.22424710782892	3.469434971016501	30.633336950578673	0.0007407440753391298
4.727036185793214	83.60804120006584	3.4414487133045384	30.806264459987034	0.0007376342701480115
4.735479957680319	125.5443157047768	3.4146002189424123	30.977300458371783	0.0007346217059482598
4.743905994140832	112.25234444751295	3.392331413622142	31.137462679442866	0.0007320519307555467
4.752316980729044	86.92816438984143	3.37391055712805	31.296301363782256	0.000729793356652479
4.760710812698005	122.25524785743883	3.3539484700785605	31.488119859978863	0.0007268903922449237
4.769089420490751	122.98581863124015	3.3324238220339373	31.705436734926295	0.0007231800818949409
4.7774513737185975	142.68326822683798	3.3091360347393675	31.944094129739156	0.0007188005602716441
4.785798002855299	136.85748420986818	3.2845013353782413	32.19684928326346	0.0007140074938385572
4.794128398497018	121.72108174096807	3.2600144798423463	32.447806059842456	0.0007093277577549892
4.802443376368349	68.9444282889506	3.2371706803262774	32.68159403379917	0.0007052466059708827
4.810742149230142	186.38119378579123	3.2162878644240327	32.90120234523997	0.0007016599263450237
4.819025617446343	59.35040518424207	3.194985523133794	33.13130619387795	0.0006977812960794684
4.827293465386821	137.55844795598117	3.1749329616030884	33.35400243433127	0.0006941747372934037
4.8355460523277785	120.40132705501951	3.155961120732306	33.56373181892286	0.000690991212669995
4.8437829069911995	66.30180007411221	3.137699840565035	33.76616225997748	0.0006880503994840397
4.852004756317375	101.75065924519502	3.1196372949588387	33.96969393392089	0.0006850989619829935
4.860211301112486	103.31279177810912	3.101535711922479	34.17803981830615	0.0006820328812784729
4.868402776861875	150.98760769482425	3.0802284364840755	34.42638144960471	0.0006778207356300445
4.87657894074679	81.34158933184462	3.058305559320457	34.68732392129879	0.0006732992448571942
4.884740610308153	96.98331271178684	3.0382917347677827	34.93198876123594	0.0006693026842742716
4.892886694471239	24.03754702336144	3.0198281320296636	35.155023409406226	0.0006659522669739211
4.901018676004912	167.49389170942334	3.0007761492602416	35.36955217711899	0.000662849308262648
4.909134977771611	67.84717832241674	2.976813217950953	35.59018919168953	0.0006595427090635893
4.917237634043126	116.96831501978535	2.9391268894620284	35.81352202289524	0.00065601183445221
4.925324446630525	99.97417934249016	2.876250114012978	36.02877897185802	0.0006523923329347276
4.933398134829128	96.01979459384098	2.7497153642565375	36.210458669809114	0.0006488274617398439
4.941455747418271	123.19346597853172	2.5773645474693727	36.37001092259893	0.0006452532945106263
4.949500574148831	147.56296720277857	2.3689966770049837	36.52314423105947	0.0006413864421271338
4.957529272260983	89.95981855392259	2.2000329604740396	36.69542783577926	0.000637571474297674
4.9655452659843	101.11079204821425	2.0874554411150537	36.86766034732783	0.0006345054935506375
4.97354573813123	87.65113247545594	2.036277096998889	37.059147168452064	0.0006317657544515986
4.981533127718194	112.98666855345286	2.014524205243814	37.26404867585379	0.000629086562835468
4.989505570332332	57.62139293282934	2.00042205056171	37.477190502020726	0.0006263203091641539
4.99746454478636	115.47890397683592	1.9888326241601475	37.68619230616221	0.0006237260826070054
5.005409447756558	117.0532818066636	1.9758208478381243	37.92648032176493	0.0006211737236078402
5.013340281098164	116.26853946292348	1.960988632387905	38.20192539006055	0.0006181852894924536
5.021257830036363	49.46452376499725	1.9448725806931957	38.502041138258086	0.0006146291140256557
5.029160621649585	68.31483736497538	1.9277005597525207	38.82930370660475	0.000610472549944729
5.0370505697439665	84.21254090972981	1.9097959635812556	39.182055791355786	0.0006057814402667663
5.044926341689748	20.6226287062969	1.892447381913919	39.53684374003962	0.0006011202670264824
5.052788665119484	138.4610359637874	1.8750394088066566	39.90278021960914	0.0005962779069772465
5.0606377935901135	74.32559030186583	1.8592117652076041	40.242662019736805	0.0005920885251981048
5.068472910824403	86.339876473974	1.8443300554731499	40.568332778831255	0.0005882654957864709
5.076295801406099	51.2182495065905	1.8289379318574581	40.91131823579459	0.0005841187343805716
5.084103674368654	20.030442509699075	1.8118914674727327	41.298697160934594	0.0005790905856874217
5.091899712598683	49.64873898850983	1.794668983813439	41.69923451849188	0.0005738780784298412
5.099681505093993	84.07607893207519	1.7779466019013805	42.09801251494489	0.0005688026867790922
5.107450657487455	103.50027841379584	1.7604996477106418	42.523960788087614	0.0005633075256528665
5.115207056598136	81.83063187013603	1.7442379987422938	42.932509796388686	0.0005582664302378952
5.122949443628	89.9179617925883	1.7295727852411282	43.30689221712463	0.0005539718094408171
5.1306802536702	60.193112619207284	1.7149792660482006	43.68299743505768	0.0005497060571471215
5.138396688682079	96.78394738296139	1.7001477463510715	44.06488338552478	0.0005453937660036542
5.146101168408605	140.80748650303812	1.6850499941469201	44.448451127184285	0.0005411106646856932
5.153792503046549	106.44036732834016	1.6708786775144322	44.804392681932015	0.0005373910584491164
5.1614709228926845	111.39255784582082	1.6568923967546227	45.16339986146408	0.0005336657100568705
5.169137380954162	88.19411186544045	1.6431741356351082	45.526813328195864	0.0005299152189381612
5.176790461846894	5.824033091501962	1.6300797522707344	45.88574081049537	0.0005262960017105528
5.184431084171856	26.48438357813213	1.6175915757683688	46.2266116709792	0.0005230332182150423
5.192059796083042	95.94474591946276	1.6044569612692143	46.590210039392176	0.0005194241451162698
5.199674827397713	74.21781391665338	1.5910017335458502	46.9714365015999	0.0005156241176917194
5.207278575337391	95.57161822860084	1.5780872246518671	47.36121320640481	0.00051211750953805
5.214869140309797	154.76521504992857	1.5665978244834466	47.72254126181837	0.0005091904475184846
5.222447615347904	109.66709554325638	1.5562754125018188	48.05089041730417	0.0005068194020224625
5.230015006897815	135.6611031794504	1.546324945840032	48.36038923590582	0.0005047602616715108
5.237568466208089	79.37193462143112	1.536556394004701	48.65748907086089	0.0005029030409453755
5.245110964662393	35.24885128515073	1.5276519746498691	48.9270896314331	0.0005014853716083862
5.252640889229666	71.88659910015332	1.5180278484941554	49.231944398986016	0.0004995240911053023
5.2601583969915024	34.88217365575346	1.5088328921974064	49.54283636075601	0.0004974871631540656
5.26766437745939	152.42222199219052	1.5001507053699588	49.836498283713325	0.000495724263630508
5.275158341451031	114.377026821539	1.4917506291270148	50.118284301866524	0.0004941461118582218
5.282639970089039	100.97344400438287	1.4834029262272472	50.38807668863507	0.0004927487988567534
5.290110882103224	137.33264538409665	1.4752447923187142	50.65404747303485	0.0004914332412115866
5.297568853064386	-29.681308860922698	1.445705943800958	51.678043936478964	0.00048075891833783527
